Model                      Train_Accuracy   Test_Accuracy        Gap    Precision       Recall     F1_Score     TN     FP     FN     TP        
--------------------------------------------------------------------------------------------------------------------------------------------   
Linear Regression (OLS)          0.953077        0.892699   0.060379     0.957261     0.822639     0.884859  10830    415   2004   9295        
Gradient Descent (SGD)           0.958880        0.897933   0.060947     0.965350     0.826002     0.890256  10910    335   1966   9333        
Logistic Regression              0.953776        0.892122   0.061654     0.951155     0.827241     0.884881  10765    480   1952   9347        
Naïve Bayes (Gaussian)           0.894565        0.857612   0.036953     0.880015     0.828923     0.853705   9968   1277   1933   9366        
Decision Tree                    0.999944        0.935149   0.064795     0.990721     0.878839     0.931432  11152     93   1369   9930        
Random Forest                    0.999944        0.929870   0.070074     0.991304     0.867687     0.925386  11159     86   1495   9804        
XGBoost                          0.999881        0.937012   0.062869     0.990858     0.882467     0.933527  11153     92   1328   9971        
SVM (RBF Kernel)                 0.992562        0.927697   0.064865     0.989768     0.864678     0.923004  11144    101   1529   9770        
